5
-1000.0000000000 0.0000000000
-500.0000000000 866.0254037844
500.0000000000 866.0254037844
-500.0000000000 -866.0254037844
1000.0000000000 0.0000000000
6
-800.0000000000 0.0000000000
800.0000000000 0.0000000000
-400.0000000000 692.8203230276
400.0000000000 692.8203230276
400.0000000000 -692.8203230276
-400.0000000000 -692.8203230276


18
-800.0000000000 0.0000000000
800.0000000000 0.0000000000
-400.0000000000 692.8203230276
400.0000000000 692.8203230276
400.0000000000 -692.8203230276
-400.0000000000 -692.8203230276

-800.0000000000 0.0000000001
800.0000000000 0.0000000001
-400.0000000000 692.8203230277
400.0000000000 692.8203230277
400.0000000000 -692.8203230277
-400.0000000000 -692.8203230277

-800.0000000001 0.0000000000
800.0000000001 0.0000000000
-400.0000000001 692.8203230276
400.0000000001 692.8203230276
400.0000000001 -692.8203230276
-400.0000000001 -692.8203230276


0